1
100
100
100
100
100
20
10
150
50
50
50
100
250
100
100
100
1
10
100
Skill1
10
10
5
2
Skill2
5
7
5
1
Skill3
10
9
5
3
2
fall_equip
3
50
50
50
100
30
40
60
50
50
掉落物品1
30
30
50
30
50
100
50
50
50
掉落物品2
20
20
40
25
40
80
20
25
40
掉落物品3
40
40
50
60
60
120
60
60
80
1
100
100
100
100
100
20
10
150
50
50
50
100
250
100
100
100
1
10
100
Skill1
10
10
5
2
Skill2
5
7
5
1
Skill3
10
9
5
3
2
fall_equip
3
50
50
50
100
30
40
60
50
50
掉落物品1
30
30
50
30
50
100
50
50
50
掉落物品2
20
20
40
25
40
80
20
25
40
掉落物品3
40
40
50
60
60
120
60
60
80
1
100
100
100
100
100
20
10
150
50
50
50
100
250
100
100
100
1
10
100
Skill1
10
10
5
2
Skill2
5
7
5
1
Skill3
10
9
5
3
2
fall_equip
3
50
50
50
100
30
40
60
50
50
掉落物品1
30
30
50
30
50
100
50
50
50
掉落物品2
20
20
40
25
40
80
20
25
40
掉落物品3
40
40
50
60
60
120
60
60
80
1
100
100
100
100
100
20
10
150
50
50
50
100
250
100
100
100
1
10
100
Skill1
10
10
5
2
Skill2
5
7
5
1
Skill3
10
9
5
3
2
fall_equip
3
50
50
50
100
30
40
60
50
50
掉落物品1
30
30
50
30
50
100
50
50
50
掉落物品2
20
20
40
25
40
80
20
25
40
掉落物品3
40
40
50
60
60
120
60
60
80